-5.000000000000000000e+03
-4.800000000000000000e+03
-5.000000000000000000e+03
-5.000000000000000000e+03
-5.000000000000000000e+03
-4.800000000000000000e+03
-4.799680000000000291e+03
-5.000000000000000000e+03
-5.000000000000000000e+03
-4.999952000000000226e+03
-4.999967999999999847e+03
-4.999743999999999687e+03
-4.999520000000000437e+03
-4.999064000000000306e+03
-4.998279999999999745e+03
-4.814368000000000393e+03
-4.994127999999999702e+03
-4.989904000000000451e+03
-4.922376000000000204e+03
-4.977399999999999636e+03
-4.967216000000000349e+03
-4.953832000000000335e+03
-4.938439999999999600e+03
-4.917887999999999920e+03
-4.889207999999999629e+03
-4.860456000000000131e+03
-4.827007999999999811e+03
-4.786967999999999847e+03
-4.735847999999999956e+03
-4.675935999999999694e+03
-4.607287999999999556e+03
-4.523623999999999796e+03
-4.434368000000000393e+03
-4.317984000000000378e+03
-4.202304000000000087e+03
-4.051719999999999800e+03
-3.852447999999999865e+03
-3.597039999999999964e+03
-3.313512000000000171e+03
-3.029288000000000011e+03
-2.882311999999999898e+03
-2.751639999999999873e+03
-2.627391999999999825e+03
-2.515224000000000160e+03
-2.423704000000000178e+03
-2.338896000000000186e+03
-2.245992000000000189e+03
-2.169735999999999876e+03
-2.107376000000000204e+03
-2.042271999999999935e+03
