2.500000000000000000e+07
2.304000000000000000e+07
2.500000000000000000e+07
2.500000000000000000e+07
2.500000000000000000e+07
2.304000000000000000e+07
2.303692928000000119e+07
2.500000000000000000e+07
2.500000000000000000e+07
2.499952038399999961e+07
2.499968025600000098e+07
2.499744204800000042e+07
2.499520383999999985e+07
2.499064835200000182e+07
2.498281616000000015e+07
2.318962745600000024e+07
2.494136057600000128e+07
2.489922521599999815e+07
2.424234748800000176e+07
2.477470531199999899e+07
2.467353772800000012e+07
2.454086512000000104e+07
2.438867478400000185e+07
2.418636928000000119e+07
2.390525712000000104e+07
2.362526870399999991e+07
2.330151283199999854e+07
2.291721084800000116e+07
2.243084406399999931e+07
2.186738048000000045e+07
2.123096496000000089e+07
2.046821507200000063e+07
1.966975494399999827e+07
1.865291398400000110e+07
1.766887699199999869e+07
1.643043081599999964e+07
1.485765983999999985e+07
1.296329414399999939e+07
1.100490870399999991e+07
9.191678176000000909e+06
8.324016991999999620e+06
7.584531104000000283e+06
6.916332864000000060e+06
6.338423968000000343e+06
5.885259808000000194e+06
5.481429632000000216e+06
5.055121120000000112e+06
4.717006688000000082e+06
4.450034815999999642e+06
4.180242816000000108e+06
