1.000000000000000000e+00
1.599999999999980049e-01
1.000000000000000000e+00
1.000000000000000000e+00
1.000000000000000000e+00
2.000000000000017597e-01
6.803679999999938388e-02
1.000000000000000000e+00
1.000000000000000000e+00
9.999951999999999730e-01
9.999967999999999080e-01
9.999743999999993749e-01
9.999519999999991748e-01
9.999055999999988398e-01
9.998271999999980286e-01
5.902959999999994878e-01
9.994015999999970035e-01
9.989599999999949631e-01
8.790415999999969809e-01
9.976607999999973497e-01
9.965903999999978780e-01
9.951247999999998095e-01
9.934352000000005178e-01
9.911407999999990448e-01
9.878287999999996183e-01
9.844911999999992336e-01
9.802415999999990470e-01
9.754223999999994676e-01
9.687711999999993884e-01
9.605007999999997104e-01
9.511327999999994454e-01
9.383247999999998479e-01
9.236239999999998895e-01
9.025776000000005350e-01
8.796112000000002595e-01
8.431663999999994275e-01
7.814927999999987662e-01
6.476703999999999795e-01
4.165823999999997418e-01
1.677168000000000270e-01
1.469472000000000000e-01
1.195488000000000522e-01
1.113392000000001242e-01
8.687519999999994413e-02
8.083680000000005583e-02
6.463360000000004102e-02
6.809759999999996649e-02
6.054399999999996590e-02
5.495839999999999059e-02
5.492160000000005649e-02
