1.000000000000000000e+00
2.560000000000020592e-02
1.000000000000000000e+00
1.000000000000000000e+00
1.000000000000000000e+00
3.999999999999950123e-02
4.943212799999948878e-03
1.000000000000000000e+00
1.000000000000000000e+00
9.999904038400000417e-01
9.999936025600000278e-01
9.999488204800000002e-01
9.999040383999999726e-01
9.998112857599998904e-01
9.996545638399998435e-01
4.346273651199998311e-01
9.988040601599990076e-01
9.979220198399979536e-01
8.240256857599976836e-01
9.953292159999971300e-01
9.931958899199975210e-01
9.902784038399994326e-01
9.869197247999997868e-01
9.823699955199999279e-01
9.758188684799991020e-01
9.692406566400013634e-01
9.608990476800017833e-01
9.514851929600025571e-01
9.385667660800027789e-01
9.226289139200030132e-01
9.047464652800008000e-01
8.805971980799998100e-01
8.533125926399990346e-01
8.150016959999986099e-01
7.742914931199995632e-01
7.123108185599998921e-01
6.140236070399993640e-01
4.386871500800004209e-01
2.130261017599999196e-01
4.382640255999999124e-02
3.264176640000000101e-02
2.158004736000000701e-02
1.876365440000000301e-02
1.172409215999999435e-02
1.044547199999998517e-02
6.590952960000001984e-03
7.135942400000000289e-03
5.683105280000003146e-03
4.598014719999998952e-03
4.639144959999993122e-03
