2.000000000000000042e-03
6.320000000000000617e-02
1.243999999999999967e-01
1.855999999999999872e-01
2.467000000000000026e-01
3.079000000000000070e-01
3.690999999999999837e-01
4.303000000000000158e-01
4.914999999999999925e-01
5.526999999999999691e-01
6.138000000000000123e-01
6.750000000000000444e-01
7.361999999999999655e-01
7.973999999999999977e-01
8.586000000000000298e-01
9.197999999999999510e-01
9.808999999999999941e-01
1.042100000000000026e+00
1.103299999999999947e+00
1.164500000000000091e+00
1.225700000000000012e+00
1.286899999999999933e+00
1.348000000000000087e+00
1.409200000000000008e+00
1.470399999999999929e+00
1.531600000000000072e+00
1.592799999999999994e+00
1.653999999999999915e+00
1.715100000000000069e+00
1.776299999999999990e+00
1.837499999999999911e+00
1.898700000000000054e+00
1.959899999999999975e+00
2.021100000000000119e+00
2.082199999999999829e+00
2.143400000000000194e+00
2.204600000000000115e+00
2.265800000000000036e+00
2.326999999999999957e+00
2.388199999999999878e+00
2.449300000000000033e+00
2.510499999999999954e+00
2.571699999999999875e+00
2.632899999999999796e+00
2.694100000000000161e+00
2.755300000000000082e+00
2.816399999999999793e+00
2.877600000000000158e+00
2.938800000000000079e+00
3.000000000000000000e+00
