1.000000000000000021e-03
6.220408163265306323e-02
1.234081632653061256e-01
1.846122448979591879e-01
2.458163265306122502e-01
3.070204081632653126e-01
3.682244897959183749e-01
4.294285714285714373e-01
4.906326530612244996e-01
5.518367346938776175e-01
6.130408163265306243e-01
6.742448979591836311e-01
7.354489795918367490e-01
7.966530612244898668e-01
8.578571428571428736e-01
9.190612244897958805e-01
9.802653061224489983e-01
1.041469387755102005e+00
1.102673469387755123e+00
1.163877551020408019e+00
1.225081632653061137e+00
1.286285714285714255e+00
1.347489795918367150e+00
1.408693877551020268e+00
1.469897959183673386e+00
1.531102040816326504e+00
1.592306122448979622e+00
1.653510204081632518e+00
1.714714285714285635e+00
1.775918367346938753e+00
1.837122448979591649e+00
1.898326530612244767e+00
1.959530612244897885e+00
2.020734693877551003e+00
2.081938775510204120e+00
2.143142857142857238e+00
2.204346938775510356e+00
2.265551020408163030e+00
2.326755102040816148e+00
2.387959183673469266e+00
2.449163265306122383e+00
2.510367346938775501e+00
2.571571428571428619e+00
2.632775510204081737e+00
2.693979591836734411e+00
2.755183673469387529e+00
2.816387755102040646e+00
2.877591836734693764e+00
2.938795918367346882e+00
3.000000000000000000e+00
